2888
6406
6479
1813
4650
2928
2403
2707
1800
2931
12713
3784
2700
2719
6385
6425
180
2715
6420
13804
6394
3161
2397
6412
11826
411
6417
6418
3448
2713
6508
1978
6423
1973
6389
2315
4203
7215
3165
2923
6426
6015
11441
4326
3156
2404
5865
10781
10971
6444
6640
12256
6380
2720
11209
4330
6411
6950
3447
6785
2721
415
2712
6398
6416
3007
3833
322
12259
11410
2396
2887
2701
6435
7259
10743
3159
2922
6415
12429
6429
6488
3475
2919
6491
2935
5350
13442
6878
6402
6447
6443
6422
10696
6837
2936
239
10736
418
2938
