6420
4203
3056
2929
6482
6416
3158
6632
2226
2722
2720
3448
10781
411
2920
2933
3176
11478
560
3166
3475
6406
14171
424
6380
6480
4923
11217
13804
2719
3165
4413
6425
3159
2931
13442
2928
10848
6446
6479
6412
6469
11442
10971
4987
1978
3426
6785
6435
6459
1156
4332
11826
6411
6499
2935
2702
1801
6093
6453
6488
12713
3964
2715
1814
10818
3157
397
6402
6533
2711
10704
2938
2671
1877
4778
1843
6417
3447
7215
418
2895
7896
6387
10696
2716
6491
6015
11428
2706
6426
6695
6434
2919
3161
1549
6508
180
11441
11003
