7321
5985
11218
1161
16469
4100
5760
7837
16900
7621
6967
5182
5804
12506
7748
6492
16221
2337
16596
5371
3944
6571
12599
12259
8327
15624
12214
8004
6115
8317
6807
14225
1653
4921
5504
17395
5258
8091
15150
8838
6731
308
11776
6670
825
10568
9841
6617
7544
168
2991
1505
5420
4364
4888
12874
12695
6428
7876
7940
9562
12023
9288
123
6765
338
6470
1040
12064
6363
15984
1230
13213
5601
2203
12039
8415
12592
7111
3666
558
3524
11988
16276
15896
2127
7553
4967
4453
4320
4815
8326
12602
10321
5181
7575
13936
5599
17991
13581
