650
8468
8497
4641
3026
14281
4950
17606
7142
5392
14062
6585
9275
14103
2869
2859
4617
2552
6006
4575
17861
4680
3672
4745
8123
13637
10685
8358
6147
16934
9740
6009
10196
4975
3571
6785
4935
7058
17129
6475
363
14764
11772
8787
5003
6386
14804
9972
16726
16076
6210
4809
1719
16348
9655
3069
941
4951
15430
11116
4586
371
6340
1696
16627
13672
7885
5320
1728
4545
8558
5743
4933
7504
13679
16095
10414
9416
7411
13611
2140
13092
8268
3682
11252
17292
5980
2589
1095
7786
2467
11728
278
2109
473
4394
13217
711
13140
6303
