5042
8618
7308
12746
6571
13342
3335
12085
254
9047
16792
5410
15675
3769
11978
15231
3588
9064
13910
7524
3077
9158
2560
3383
8363
15017
6308
6437
6213
15587
5148
15289
13310
14680
1333
6124
15327
15353
16109
15164
3287
7630
123
9760
12447
4551
1614
14560
1617
8137
9336
12275
6252
11308
17861
8793
6514
3900
2658
15536
8977
6995
17366
5026
11120
15959
2149
4282
7219
18032
16036
11529
17518
6264
6907
5502
15302
16246
8415
14084
12452
4358
6340
15031
6737
1177
4641
1124
6824
11745
8567
5637
17935
10637
11161
12859
13024
3524
13624
1444
